“双色球”旋转矩阵应用

--------------------------------------------------------------------------------
以下内容只有回复后才可以浏览

    通过两年多的普及，“旋转矩阵”已经成为彩民朋友最喜欢使用的投注方法，在全国内彩民使用旋转矩阵屡屡斩获500万巨奖，至于上百万几十万的大奖更是不计其数。下面就对于“旋转矩阵”在“双色球”中的应用作一介绍。

    在双色球中，使用10+5的复式要2100元的投注金额，而15+8的复式要80080元投注奖额，对于一般彩民来说，要长期这样投注显然是不可能的。针对双色球的“双色旋转”如何能使彩民最省钱？

    我们先以最简单的10+5的复式开始。

    “红10蓝5，包15出7保6”的“双色旋转”W15-7-6(R10B5)公式为：
    001、 01 02 05 06 07 08 + 01 02 03 04 05
    002、 02 04 05 06 07 10 + 01 02 03 04 05
    003、 03 05 06 07 09 10 + 01 02 03 04 05
    004、 01 02 03 05 06 09 + 01 02 03 04 05
    005、 04 05 06 08 09 10 + 01 02 03 04 05
    006、 01 03 04 05 07 10 + 01 02 03 04 05
    007、 01 03 04 05 08 09 + 01 02 03 04 05
    008、 02 03 04 05 08 10 + 01 02 03 04 05
    009、 01 03 04 06 07 08 + 01 02 03 04 05
    010、 01 02 04 06 07 09 + 01 02 03 04 05
    011、 01 02 03 06 08 10 + 01 02 03 04 05
    012、 01 02 07 08 09 10 + 01 02 03 04 05
    013、 02 03 04 07 08 09 + 01 02 03 04 05
    014、 01 02 03 04 09 10 + 01 02 03 04 05

    假如选定的红球、蓝球分别为03 05 06 10 11 19 20 23 28 30 + 02 06 12 15 16，代入以上公式，就得到以下真实投注号码：

    001、 03 05 11 19 20 23 + 02 06 12 15 16
    002、 05 10 11 19 20 30 + 02 06 12 15 16
    003、 06 11 19 20 28 30 + 02 06 12 15 16
    004、 03 05 06 11 19 28 + 02 06 12 15 16
    005、 10 11 19 23 28 30 + 02 06 12 15 16
    006、 03 06 10 11 20 30 + 02 06 12 15 16
    007、 03 06 10 11 23 28 + 02 06 12 15 16
    008、 05 06 10 11 23 30 + 02 06 12 15 16
    009、 03 06 10 19 20 23 + 02 06 12 15 16
    010、 03 05 10 19 20 28 + 02 06 12 15 16
    011、 03 05 06 19 23 30 + 02 06 12 15 16
    012、 03 05 20 23 28 30 + 02 06 12 15 16
    013、 05 06 10 20 23 28 + 02 06 12 15 16
    014、 03 05 06 10 28 30 + 02 06 12 15 16 

    我们知道，使用10+5的复式要2100元的投注金额，而现在使用“双色旋转”得到了14组6+5的单式投注，每组10元，14组只要140元。这样

只要您这10+5个号码框中了开奖的6+1个号码，这14组中至少有1组中5+1得到3000元三等奖，如果运气好的话，也有中6+0甚至6+1的机会。
    
   由10+5复式的2100元到“双色旋转”的140元，投注金额省了93%，而同样有获得高等奖的机会，看来“双色旋转”真的很省钱。只是这样的

6+5单式“旋转矩阵”中6+0或6+1的机会向对较少，如果要提高命中二等奖和头奖的机会，应该如何“旋转”？

   这时可以采用复式旋转，还是上面的要求，用“红10蓝5，包15出7保6”的“复式旋转”W15-7-6(R10B5，K7)就组成了7+5的复式旋转：

    001、 03 05 06 10 11 19 28 + 02 06 12 15 16
    002、 03 05 06 10 11 19 30 + 02 06 12 15 16
    003、 03 06 19 20 23 28 30 + 02 06 12 15 16
    004、 03 05 06 10 11 20 23 + 02 06 12 15 16
    005、 05 10 11 20 23 28 30 + 02 06 12 15 16

    这样的7+5的“复式旋转”，每组70元，5组只要350元。这样只要您这10+5个号码框中了开奖的6+1个号码，这5组中至少有1组中5+1得到

3000元三等奖，而中6+0甚至6+1的机会也大多了！

    对应的公式是：

    001、 01 02 03 04 05 06 09 + 01 02 03 04 05
    002、 01 02 03 04 05 06 10 + 01 02 03 04 05
    003、 01 03 06 07 08 09 10 + 01 02 03 04 05
    004、 01 02 03 04 05 07 08 + 01 02 03 04 05
    005、 02 04 05 07 08 09 10 + 01 02 03 04 05
