  03 12 16 21 25 28 +05
  02 14 16 19 22 27 +03
  03 12 16 18 26 30 +02
  02 04 06 07 13 17 +16
  01 02 03 05 07 10 +16
  08 11 13 18 32 33 +12
  01 07 08 11 13 17 +16
  01 08 16 18 20 29 +11
  07 08 09 15 32 33 +13
  07 12 23 27 30 32 +02
  07 17 24 26 30 32 +02
  09 12 18 29 30 32 +02
  03 05 08 11 23 32 +13
  03 12 13 15 19 23 +13
  08 09 15 19 23 24 +02
  01 03 07 13 19 25 +01
  03 10 16 18 27 32 +14
  07 10 17 27 29 32 +16
  03 07 16 19 26 30 +11
  01 02 06 07 17 22 +07
  01 02 06 08 17 22 +07
  01 02 06 08 17 22 +07
  02 03 05 16 23 30 +05
  02 03 05 16 23 30 +01
  02 03 05 16 23 30 +13
  06 08 16 18 22 23 +14
  06 07 08 11 14 18 +14
  09 14 20 24 25 33 +09
  08 16 19 20 23 26 +15
  05 07 09 19 20 33 +14
  05 09 20 23 25 33 +14
  01 08 19 20 23 26 +08
  01 03 08 16 19 20 +16
  03 07 12 21 23 26 +04
  06 12 17 23 31 32 +02
  02 06 09 14 24 25 +11
  01 09 12 14 24 25 +06
  10 15 16 19 26 33 +08
  03 10 15 20 26 28 +02
  02 06 08 20 21 29 +16
  02 07 13 23 29 32 +14
  03 07 13 14 29 32 +14
  01 07 13 14 29 32 +14
  04 08 12 18 19 23 +08
  04 14 18 24 29 32 +09
  08 09 14 18 23 26 +03
  06 09 11 18 21 26 +14
  06 08 09 14 24 29 +02
  01 08 28 30 31 33 +07
  01 07 12 15 21 33 +15
  09 15 18 19 28 32 +12
  02 07 17 22 25 28 +09
  02 09 17 22 27 28 +12
  02 09 18 24 25 28 +12
  02 09 10 18 24 32 +12
  02 08 10 22 26 27 +11
  02 09 10 18 24 32 +12
  05 13 18 21 25 32 +01
  02 03 12 15 22 27 +12
  03 04 05 06 07 08 +05
  10 11 19 21 28 30 +13
  08 15 20 22 25 32 +15
  01 02 06 07 16 26 +04
  07 08 17 23 25 26 +10
  01 03 04 16 27 33 +08
  08 14 19 20 23 30 +07
  03 08 13 14 22 32 +07
  01 16 17 19 26 30 +06
  03 16 17 19 26 30 +07
  03 16 17 19 26 30 +13
  01 09 10 15 22 30 +06
  07 11 15 22 28 30 +14
  06 09 21 22 28 30 +15
  01 12 15 18 29 30 +01
  08 10 14 15 28 29 +02
  02 08 12 15 22 28 +15
  05 09 10 16 21 23 +04
  05 09 10 16 21 23 +04
  05 09 10 16 21 23 +04
  04 10 13 18 26 31 +14
  10 15 16 19 25 33 +13
  02 06 11 21 31 32 +07
  07 09 13 24 26 32 +09
  02 07 13 16 17 26 +09
  02 07 09 16 24 31 +09
  01 02 15 16 23 24 +03
  02 11 14 21 23 24 +03
  05 11 14 16 17 30 +03
  06 09 10 15 18 31 +11
  01 12 13 22 23 30 +04
  04 07 13 14 20 30 +12
  06 18 22 23 24 30 +01
  06 07 08 15 29 32 +14
  07 09 17 30 31 32 +08
  08 11 17 24 26 30 +16
  03 07 12 17 25 30 +14
  03 07 12 17 25 30 +14
  03 11 14 24 29 33 +02
  02 06 22 27 28 30 +01
  08 10 23 27 29 32 +07
  03 11 14 24 29 31 +02
  03 06 11 14 29 32 +02
  03 06 21 26 29 30 +06
  01 09 10 22 23 29 +15
  01 09 15 22 23 29 +15
  01 06 09 10 22 23 +15
  01 04 12 14 32 33 +14
  05 06 15 16 25 26 +16
  04 05 18 23 25 33 +14
  03 07 13 16 27 30 +12
  03 13 16 27 30 32 +14
  07 16 24 27 30 32 +10
  08 09 17 18 23 29 +02
  05 08 17 18 29 30 +02
  06 08 09 17 18 30 +01
  08 10 14 24 27 29 +05
  01 07 13 17 29 31 +08
  09 18 19 22 23 30 +08
  01 03 04 24 25 33 +08
  07 13 14 15 27 28 +08
  01 07 08 11 29 30 +09
  01 13 16 19 27 28 +08
  02 04 16 18 20 24 +06
  09 12 14 18 26 30 +11
  04 12 13 16 18 28 +04
  08 09 11 17 27 28 +01
  02 08 14 17 20 32 +02
  02 06 08 17 26 28 +02
  05 09 14 20 23 29 +09
  06 09 10 12 27 29 +09
  03 04 05 14 23 29 +09
  04 05 18 26 27 30 +06
  04 15 17 18 20 23 +06
  05 07 17 24 26 28 +06
  02 03 07 08 19 29 +06
  08 22 23 25 31 33 +06
  10 15 16 19 20 27 +08
  21 22 23 24 28 30 +06
  03 14 15 17 24 25 +06
  03 15 18 19 20 33 +05
  01 03 05 10 20 30 +06
  01 07 21 25 26 28 +11
  08 12 21 25 27 28 +06
  04 09 17 26 27 28 +01
  01 02 03 07 22 32 +09
  01 02 08 17 30 32 +02
  03 10 12 15 16 25 +02
  03 06 07 16 23 25 +01
  06 07 17 22 25 29 +01
  01 18 19 27 29 32 +15
  04 08 14 24 25 31 +13
  03 07 14 18 23 25 +14
  10 11 23 24 32 33 +03
  03 08 14 18 19 29 +07
  01 07 10 17 28 29 +10
  07 19 22 25 29 32 +11
  10 13 17 19 25 29 +09
  05 09 11 12 22 23 +05
  03 08 10 17 20 29 +09
  09 11 12 22 23 29 +04
  09 11 12 22 23 28 +02
  01 03 06 11 22 31 +01
  01 03 06 09 29 30 +01
  01 03 06 11 23 29 +01
  02 07 11 24 32 33 +05
  04 09 14 19 27 28 +12
  05 08 12 13 17 25 +10
  02 09 11 12 20 21 +04
  03 07 10 15 18 24 +08
  07 14 16 22 31 33 +02
  03 11 14 17 22 28 +11
  03 09 10 20 23 26 +12
  10 11 13 17 26 30 +02
  02 12 21 22 31 32 +06
  01 11 21 31 32 33 +03
  01 11 21 22 31 32 +02
